{
 "cells": [
  {
   "attachments": {},
   "cell_type": "markdown",
   "metadata": {},
   "source": [
    "# SVD \n",
    "Rajkumar Verma"
   ]
  },
  {
   "cell_type": "code",
   "execution_count": 83,
   "metadata": {},
   "outputs": [],
   "source": [
    "import numpy as np"
   ]
  },
  {
   "cell_type": "code",
   "execution_count": 84,
   "metadata": {},
   "outputs": [],
   "source": [
    "A = np.array([[1, 0, 1],\n",
    "              [-1, 1, 0]])"
   ]
  },
  {
   "attachments": {},
   "cell_type": "markdown",
   "metadata": {},
   "source": [
    "# 2. Eigen Value and Eigen Vector"
   ]
  },
  {
   "cell_type": "code",
   "execution_count": 85,
   "metadata": {},
   "outputs": [],
   "source": [
    "# A@ eigen_vector = eigen_value @ eigen_vector\n",
    "AT_A = A.transpose()@A\n",
    "Veigenvalues, Veigenvector = np.linalg.eig(AT_A)"
   ]
  },
  {
   "cell_type": "code",
   "execution_count": 86,
   "metadata": {},
   "outputs": [
    {
     "data": {
      "text/plain": [
       "array([[ 2, -1,  1],\n",
       "       [-1,  1,  0],\n",
       "       [ 1,  0,  1]])"
      ]
     },
     "execution_count": 86,
     "metadata": {},
     "output_type": "execute_result"
    }
   ],
   "source": [
    "AT_A"
   ]
  },
  {
   "cell_type": "code",
   "execution_count": 87,
   "metadata": {},
   "outputs": [
    {
     "data": {
      "text/plain": [
       "array([ 3.00000000e+00, -2.22044605e-16,  1.00000000e+00])"
      ]
     },
     "execution_count": 87,
     "metadata": {},
     "output_type": "execute_result"
    }
   ],
   "source": [
    "Veigenvalues"
   ]
  },
  {
   "cell_type": "code",
   "execution_count": 88,
   "metadata": {},
   "outputs": [
    {
     "data": {
      "text/plain": [
       "array([[ 8.16496581e-01, -5.77350269e-01, -1.57009246e-16],\n",
       "       [-4.08248290e-01, -5.77350269e-01,  7.07106781e-01],\n",
       "       [ 4.08248290e-01,  5.77350269e-01,  7.07106781e-01]])"
      ]
     },
     "execution_count": 88,
     "metadata": {},
     "output_type": "execute_result"
    }
   ],
   "source": [
    "print(f\"eigen vec of V = {Veigenvector}\")"
   ]
  },
  {
   "cell_type": "code",
   "execution_count": 89,
   "metadata": {},
   "outputs": [
    {
     "data": {
      "text/plain": [
       "2"
      ]
     },
     "execution_count": 89,
     "metadata": {},
     "output_type": "execute_result"
    }
   ],
   "source": [
    "r = np.linalg.matrix_rank(A)\n",
    "r"
   ]
  },
  {
   "cell_type": "code",
   "execution_count": 90,
   "metadata": {},
   "outputs": [
    {
     "data": {
      "text/plain": [
       "array([ 3.00000000e+00, -2.22044605e-16,  1.00000000e+00])"
      ]
     },
     "execution_count": 90,
     "metadata": {},
     "output_type": "execute_result"
    }
   ],
   "source": [
    "Veigenvalues"
   ]
  },
  {
   "cell_type": "code",
   "execution_count": 91,
   "metadata": {},
   "outputs": [
    {
     "data": {
      "text/plain": [
       "array([[ 8.16496581e-01, -5.77350269e-01, -1.57009246e-16],\n",
       "       [-4.08248290e-01, -5.77350269e-01,  7.07106781e-01],\n",
       "       [ 4.08248290e-01,  5.77350269e-01,  7.07106781e-01]])"
      ]
     },
     "execution_count": 91,
     "metadata": {},
     "output_type": "execute_result"
    }
   ],
   "source": [
    "Veigenvector"
   ]
  },
  {
   "cell_type": "code",
   "execution_count": 96,
   "metadata": {},
   "outputs": [
    {
     "data": {
      "text/plain": [
       "array([[0., 0., 0.],\n",
       "       [0., 0., 0.]])"
      ]
     },
     "execution_count": 96,
     "metadata": {},
     "output_type": "execute_result"
    }
   ],
   "source": [
    "D = np.zeros(A.shape)\n",
    "D"
   ]
  },
  {
   "cell_type": "code",
   "execution_count": 97,
   "metadata": {},
   "outputs": [],
   "source": [
    "# singular value decomposition SVD\n",
    "U, S, VT = np.linalg.svd(A)"
   ]
  },
  {
   "cell_type": "code",
   "execution_count": 100,
   "metadata": {},
   "outputs": [
    {
     "data": {
      "text/plain": [
       "array([[1.73205081, 0.        , 0.        ],\n",
       "       [0.        , 1.        , 0.        ]])"
      ]
     },
     "execution_count": 100,
     "metadata": {},
     "output_type": "execute_result"
    }
   ],
   "source": [
    "for i in range(r):\n",
    "    D[i,i] = S[i]\n",
    "D"
   ]
  },
  {
   "cell_type": "code",
   "execution_count": 99,
   "metadata": {},
   "outputs": [
    {
     "name": "stdout",
     "output_type": "stream",
     "text": [
      "singular values: S = [1.73205081 1.        ]\n"
     ]
    }
   ],
   "source": [
    "print(f\"singular values: S = {S}\")"
   ]
  },
  {
   "cell_type": "code",
   "execution_count": 105,
   "metadata": {},
   "outputs": [
    {
     "name": "stdout",
     "output_type": "stream",
     "text": [
      "U : \n",
      " [[-0.70710678  0.70710678]\n",
      " [ 0.70710678  0.70710678]] \n",
      " S:\n",
      " [1.73205081 1.        ] \n",
      " VT :\n",
      " [[-8.16496581e-01  4.08248290e-01 -4.08248290e-01]\n",
      " [-1.19879883e-16  7.07106781e-01  7.07106781e-01]\n",
      " [-5.77350269e-01 -5.77350269e-01  5.77350269e-01]]\n"
     ]
    }
   ],
   "source": [
    "print(f\"U : \\n {U} \\n S:\\n {S} \\n VT :\\n {VT}\")"
   ]
  },
  {
   "cell_type": "code",
   "execution_count": 106,
   "metadata": {},
   "outputs": [
    {
     "name": "stdout",
     "output_type": "stream",
     "text": [
      "[[ 1.00000000e+00 -1.21168839e-16  1.00000000e+00]\n",
      " [-1.00000000e+00  1.00000000e+00  3.36389635e-16]]\n"
     ]
    }
   ],
   "source": [
    "print(U@D@VT)"
   ]
  }
 ],
 "metadata": {
  "kernelspec": {
   "display_name": "Python 3",
   "language": "python",
   "name": "python3"
  },
  "language_info": {
   "codemirror_mode": {
    "name": "ipython",
    "version": 3
   },
   "file_extension": ".py",
   "mimetype": "text/x-python",
   "name": "python",
   "nbconvert_exporter": "python",
   "pygments_lexer": "ipython3",
   "version": "3.11.1"
  },
  "orig_nbformat": 4
 },
 "nbformat": 4,
 "nbformat_minor": 2
}
